45657551	45712555	1752261	1697830	64444167	1761030	chr20	tig00000003
45714396	45730764	1696266	1680011	64444167	1761030	chr20	tig00000003
45730873	45739247	1680006	1671758	64444167	1761030	chr20	tig00000003
45739247	45771849	1671132	1639474	64444167	1761030	chr20	tig00000003
45773919	45821293	1637885	1591436	64444167	1761030	chr20	tig00000003
45824073	45836328	1588996	1577053	64444167	1761030	chr20	tig00000003
45836575	45847564	1577005	1566324	64444167	1761030	chr20	tig00000003
45851260	45884808	1562751	1529786	64444167	1761030	chr20	tig00000003
45885189	45891173	1529746	1523892	64444167	1761030	chr20	tig00000003
45893634	45896896	1521712	1518536	64444167	1761030	chr20	tig00000003
45897247	45905560	1518435	1510316	64444167	1761030	chr20	tig00000003
45905845	45910778	1510291	1505457	64444167	1761030	chr20	tig00000003
45911651	45933073	1504679	1483545	64444167	1761030	chr20	tig00000003
45933334	45946269	1483504	1470929	64444167	1761030	chr20	tig00000003
45946448	45952205	1470760	1465113	64444167	1761030	chr20	tig00000003
45956613	45985781	1461439	1432826	64444167	1761030	chr20	tig00000003
45986033	46012582	1432813	1406898	64444167	1761030	chr20	tig00000003
46015858	46053874	1403779	1366639	64444167	1761030	chr20	tig00000003
46054513	46130160	1366624	1292242	64444167	1761030	chr20	tig00000003
46130263	46141394	1292238	1281396	64444167	1761030	chr20	tig00000003
46146115	46165399	1277100	1258216	64444167	1761030	chr20	tig00000003
46165887	46206290	1258133	1218494	64444167	1761030	chr20	tig00000003
46206953	46219804	1218181	1205671	64444167	1761030	chr20	tig00000003
46220373	46231907	1205588	1194313	64444167	1761030	chr20	tig00000003
46232042	46236381	1194312	1190038	64444167	1761030	chr20	tig00000003
46236621	46271032	1189968	1156170	64444167	1761030	chr20	tig00000003
46271229	46331793	1156154	1096978	64444167	1761030	chr20	tig00000003
46331975	46348254	1096934	1081029	64444167	1761030	chr20	tig00000003
46348410	46353772	1080855	1075641	64444167	1761030	chr20	tig00000003
46360258	46368604	1069839	1061679	64444167	1761030	chr20	tig00000003
46368800	46377907	1061679	1052768	64444167	1761030	chr20	tig00000003
46378273	46526482	1052725	906431	64444167	1761030	chr20	tig00000003
46527307	46555388	906369	878595	64444167	1761030	chr20	tig00000003
46555518	46562074	878579	872184	64444167	1761030	chr20	tig00000003
46562074	46639044	871672	795851	64444167	1761030	chr20	tig00000003
46639522	46643028	795468	792021	64444167	1761030	chr20	tig00000003
46643363	46656292	791988	779218	64444167	1761030	chr20	tig00000003
46656294	46694818	779117	741154	64444167	1761030	chr20	tig00000003
46694912	46715976	741154	720459	64444167	1761030	chr20	tig00000003
46716735	46731794	720453	705560	64444167	1761030	chr20	tig00000003
46732121	46779659	705534	658723	64444167	1761030	chr20	tig00000003
46779842	46789480	658707	649217	64444167	1761030	chr20	tig00000003
46788838	46884327	648008	553669	64444167	1761030	chr20	tig00000003
46887682	46892118	550525	546196	64444167	1761030	chr20	tig00000003
46901253	46962899	537320	476858	64444167	1761030	chr20	tig00000003
46963438	46978795	476481	461304	64444167	1761030	chr20	tig00000003
46979478	46994458	461251	446371	64444167	1761030	chr20	tig00000003
46994693	47032843	446311	408691	64444167	1761030	chr20	tig00000003
47033004	47124149	408650	318897	64444167	1761030	chr20	tig00000003
47124691	47176636	318566	267483	64444167	1761030	chr20	tig00000003
47176939	47209079	267464	235950	64444167	1761030	chr20	tig00000003
47243898	47277467	203386	170534	64444167	1761030	chr20	tig00000003
47277836	47307240	170390	141508	64444167	1761030	chr20	tig00000003
47307569	47342705	141418	107173	64444167	1761030	chr20	tig00000003
47342969	47344145	107140	105980	64444167	1761030	chr20	tig00000003
47344329	47373288	105972	77546	64444167	1761030	chr20	tig00000003
47377303	47391617	73692	59848	64444167	1761030	chr20	tig00000003
47399884	47405390	52204	46866	64444167	1761030	chr20	tig00000003
47405608	47417349	46777	35207	64444167	1761030	chr20	tig00000003
47422038	47440488	30783	12583	64444167	1761030	chr20	tig00000003
5773440	5799869	1	25768	64444167	6404681	chr20	tig00000017
5803745	5826835	29573	52380	64444167	6404681	chr20	tig00000017
5826994	5831821	52399	57118	64444167	6404681	chr20	tig00000017
5832519	5912065	57406	135781	64444167	6404681	chr20	tig00000017
5912176	5962354	135882	185302	64444167	6404681	chr20	tig00000017
5963811	5972173	186977	195125	64444167	6404681	chr20	tig00000017
5972362	6018659	195232	240890	64444167	6404681	chr20	tig00000017
6018851	6035769	240912	257657	64444167	6404681	chr20	tig00000017
6035882	6046927	257657	268417	64444167	6404681	chr20	tig00000017
6047402	6058723	268498	279537	64444167	6404681	chr20	tig00000017
6059034	6130874	279545	350591	64444167	6404681	chr20	tig00000017
6131112	6170312	350682	389286	64444167	6404681	chr20	tig00000017
6179208	6230645	397490	448323	64444167	6404681	chr20	tig00000017
6232951	6270725	450141	487446	64444167	6404681	chr20	tig00000017
6277719	6290648	495191	508014	64444167	6404681	chr20	tig00000017
6290910	6320257	508037	537137	64444167	6404681	chr20	tig00000017
6320675	6411254	537447	626425	64444167	6404681	chr20	tig00000017
6411533	6437219	626425	651916	64444167	6404681	chr20	tig00000017
6437568	6541022	652123	754785	64444167	6404681	chr20	tig00000017
6542785	6573043	755913	785958	64444167	6404681	chr20	tig00000017
6573043	6609001	786060	821571	64444167	6404681	chr20	tig00000017
6612794	6634749	825115	846743	64444167	6404681	chr20	tig00000017
6634935	6697978	846799	909221	64444167	6404681	chr20	tig00000017
6699439	6793129	910394	1002751	64444167	6404681	chr20	tig00000017
6793419	6800505	1002818	1009841	64444167	6404681	chr20	tig00000017
6800506	6807436	1009950	1016804	64444167	6404681	chr20	tig00000017
6812734	6841382	1021003	1049187	64444167	6404681	chr20	tig00000017
6841254	6879047	1049373	1086833	64444167	6404681	chr20	tig00000017
6879513	6898424	1087027	1105688	64444167	6404681	chr20	tig00000017
6899195	6975478	1105785	1181337	64444167	6404681	chr20	tig00000017
6975915	6982923	1181605	1188536	64444167	6404681	chr20	tig00000017
6982923	7031675	1188732	1237113	64444167	6404681	chr20	tig00000017
7031822	7227777	1237182	1431423	64444167	6404681	chr20	tig00000017
7230522	7248251	1434015	1451612	64444167	6404681	chr20	tig00000017
7248558	7256123	1451731	1459225	64444167	6404681	chr20	tig00000017
7256510	7263133	1459265	1465843	64444167	6404681	chr20	tig00000017
7263260	7293702	1465848	1495963	64444167	6404681	chr20	tig00000017
7294016	7318851	1495963	1520599	64444167	6404681	chr20	tig00000017
7320579	7326106	1522248	1527726	64444167	6404681	chr20	tig00000017
7326319	7375458	1527738	1576462	64444167	6404681	chr20	tig00000017
7375602	7435686	1576502	1636061	64444167	6404681	chr20	tig00000017
7435686	7563855	1636326	1763518	64444167	6404681	chr20	tig00000017
7564104	7638530	1763670	1837258	64444167	6404681	chr20	tig00000017
7638287	7719010	1837575	1917573	64444167	6404681	chr20	tig00000017
7721904	7729099	1920598	1927748	64444167	6404681	chr20	tig00000017
7729441	7769706	1927848	1967852	64444167	6404681	chr20	tig00000017
7777479	7794904	1974783	1992115	64444167	6404681	chr20	tig00000017
7794904	7878318	1992210	2074886	64444167	6404681	chr20	tig00000017
7878654	7945541	2075002	2141291	64444167	6404681	chr20	tig00000017
7945847	8018388	2141316	2213186	64444167	6404681	chr20	tig00000017
8018439	8094705	2213098	2288801	64444167	6404681	chr20	tig00000017
8094893	8184727	2288801	2377672	64444167	6404681	chr20	tig00000017
8184997	8301030	2377687	2492776	64444167	6404681	chr20	tig00000017
8301816	8304638	2492866	2495632	64444167	6404681	chr20	tig00000017
8304662	8359523	2495943	2550231	64444167	6404681	chr20	tig00000017
8359746	8431518	2550231	2621373	64444167	6404681	chr20	tig00000017
8433810	8462440	2623094	2651430	64444167	6404681	chr20	tig00000017
8462903	8609172	2651665	2795900	64444167	6404681	chr20	tig00000017
8609984	8643289	2796089	2829087	64444167	6404681	chr20	tig00000017
8643598	8651066	2829218	2836579	64444167	6404681	chr20	tig00000017
8652623	8655710	2838153	2841202	64444167	6404681	chr20	tig00000017
8656043	8662628	2841330	2847893	64444167	6404681	chr20	tig00000017
8661951	8665733	2848006	2851759	64444167	6404681	chr20	tig00000017
8665528	8689970	2851840	2876100	64444167	6404681	chr20	tig00000017
8689959	8827377	2876376	3012479	64444167	6404681	chr20	tig00000017
8834116	8989919	3018429	3172755	64444167	6404681	chr20	tig00000017
8990275	9015413	3172852	3197764	64444167	6404681	chr20	tig00000017
9015607	9089412	3197816	3270784	64444167	6404681	chr20	tig00000017
9089541	9102947	3270785	3283996	64444167	6404681	chr20	tig00000017
9103590	9189532	3284008	3369121	64444167	6404681	chr20	tig00000017
9188477	9211003	3368420	3390658	64444167	6404681	chr20	tig00000017
9211323	9290688	3390658	3469368	64444167	6404681	chr20	tig00000017
9294425	9354642	3473230	3532723	64444167	6404681	chr20	tig00000017
9354779	9508374	3532742	3684701	64444167	6404681	chr20	tig00000017
9507828	9530628	3684700	3707198	64444167	6404681	chr20	tig00000017
9531253	9641504	3707560	3816581	64444167	6404681	chr20	tig00000017
9641504	9666904	3816700	3841883	64444167	6404681	chr20	tig00000017
9667214	9753875	3841883	3927709	64444167	6404681	chr20	tig00000017
9753875	9837991	3928116	4011483	64444167	6404681	chr20	tig00000017
9839345	9955365	4012646	4127402	64444167	6404681	chr20	tig00000017
9956030	9995131	4127418	4166120	64444167	6404681	chr20	tig00000017
9995607	10054541	4166237	4224556	64444167	6404681	chr20	tig00000017
10054737	10075591	4224616	4245151	64444167	6404681	chr20	tig00000017
10076442	10084908	4245186	4253475	64444167	6404681	chr20	tig00000017
10084908	10106421	4254089	4275325	64444167	6404681	chr20	tig00000017
10106697	10130695	4275345	4298958	64444167	6404681	chr20	tig00000017
10132004	10156373	4300159	4324133	64444167	6404681	chr20	tig00000017
10156554	10157773	4324182	4325388	64444167	6404681	chr20	tig00000017
10158011	10182275	4325452	4349430	64444167	6404681	chr20	tig00000017
10182602	10187373	4349440	4354193	64444167	6404681	chr20	tig00000017
10187482	10229668	4354196	4395896	64444167	6404681	chr20	tig00000017
10231444	10246221	4396667	4411187	64444167	6404681	chr20	tig00000017
10248896	10281568	4413683	4445915	64444167	6404681	chr20	tig00000017
10281685	10320855	4446113	4484791	64444167	6404681	chr20	tig00000017
10320954	10324068	4484791	4487873	64444167	6404681	chr20	tig00000017
10324068	10336625	4488016	4500463	64444167	6404681	chr20	tig00000017
10340794	10347288	4504429	4510856	64444167	6404681	chr20	tig00000017
10347444	10416386	4510876	4579118	64444167	6404681	chr20	tig00000017
10416539	10433816	4579193	4596200	64444167	6404681	chr20	tig00000017
10435380	10458667	4597471	4620458	64444167	6404681	chr20	tig00000017
10458980	10465831	4620572	4627329	64444167	6404681	chr20	tig00000017
10466088	10537336	4627350	4697341	64444167	6404681	chr20	tig00000017
10537549	10557833	4697369	4717239	64444167	6404681	chr20	tig00000017
10557980	10563353	4717276	4722531	64444167	6404681	chr20	tig00000017
10563639	10581859	4722674	4740637	64444167	6404681	chr20	tig00000017
10582021	10595144	4740684	4753720	64444167	6404681	chr20	tig00000017
10595395	10632327	4753816	4790097	64444167	6404681	chr20	tig00000017
10632664	10638315	4790191	4795734	64444167	6404681	chr20	tig00000017
10647077	10677101	4804249	4833697	64444167	6404681	chr20	tig00000017
10679990	10768128	4836135	4922794	64444167	6404681	chr20	tig00000017
10768349	10792222	4922844	4946474	64444167	6404681	chr20	tig00000017
10800934	10809580	4954650	4963184	64444167	6404681	chr20	tig00000017
10809865	10866041	4963205	5018397	64444167	6404681	chr20	tig00000017
10866706	10933515	5018397	5084623	64444167	6404681	chr20	tig00000017
10933665	10942006	5084700	5092965	64444167	6404681	chr20	tig00000017
10942138	10958799	5092980	5109440	64444167	6404681	chr20	tig00000017
10958799	10973871	5109822	5124747	64444167	6404681	chr20	tig00000017
10973999	10977946	5124748	5128606	64444167	6404681	chr20	tig00000017
10977952	11009493	5129026	5160269	64444167	6404681	chr20	tig00000017
11009488	11012080	5160652	5163225	64444167	6404681	chr20	tig00000017
11012491	11081649	5163315	5231866	64444167	6404681	chr20	tig00000017
11081925	11136702	5231943	5286048	64444167	6404681	chr20	tig00000017
11137527	11177532	5286764	5326399	64444167	6404681	chr20	tig00000017
11179420	11181977	5327977	5330495	64444167	6404681	chr20	tig00000017
11184977	11203972	5333154	5351944	64444167	6404681	chr20	tig00000017
11204246	11230320	5352082	5377919	64444167	6404681	chr20	tig00000017
11231018	11300923	5378082	5447288	64444167	6404681	chr20	tig00000017
11300936	11310038	5447430	5456476	64444167	6404681	chr20	tig00000017
11310255	11478003	5456535	5622649	64444167	6404681	chr20	tig00000017
11478789	11497184	5622721	5640824	64444167	6404681	chr20	tig00000017
11496955	11540258	5641523	5684180	64444167	6404681	chr20	tig00000017
11540586	11614306	5684225	5757007	64444167	6404681	chr20	tig00000017
11614621	11663880	5757200	5805869	64444167	6404681	chr20	tig00000017
11664075	11695094	5805877	5836552	64444167	6404681	chr20	tig00000017
11695968	11711870	5836567	5852328	64444167	6404681	chr20	tig00000017
11711870	11721977	5852418	5862446	64444167	6404681	chr20	tig00000017
11722132	11799778	5862517	5939472	64444167	6404681	chr20	tig00000017
11805911	11841785	5945031	5980559	64444167	6404681	chr20	tig00000017
11841931	11942036	5980615	6079579	64444167	6404681	chr20	tig00000017
11942225	11949597	6079584	6086869	64444167	6404681	chr20	tig00000017
11949765	11954812	6086911	6091913	64444167	6404681	chr20	tig00000017
11955136	12056252	6091913	6191764	64444167	6404681	chr20	tig00000017
12056442	12128328	6191823	6262989	64444167	6404681	chr20	tig00000017
12128483	12264056	6263010	6397197	64444167	6404681	chr20	tig00000017
12267688	12271795	6400627	6404681	64444167	6404681	chr20	tig00000017
12370671	12453486	1	82015	64444167	5366763	chr20	tig00000022
12453767	12455147	82016	83389	64444167	5366763	chr20	tig00000022
12461054	12466379	88036	93272	64444167	5366763	chr20	tig00000022
12466547	12475522	93311	102132	64444167	5366763	chr20	tig00000022
12475528	12512646	102790	139447	64444167	5366763	chr20	tig00000022
12512840	12541933	139624	168487	64444167	5366763	chr20	tig00000022
12542824	12546379	168890	172364	64444167	5366763	chr20	tig00000022
12546362	12646557	173023	272243	64444167	5366763	chr20	tig00000022
12646810	12775029	272287	399089	64444167	5366763	chr20	tig00000022
12775236	12802251	399121	425841	64444167	5366763	chr20	tig00000022
12802861	12837517	426198	460335	64444167	5366763	chr20	tig00000022
12844604	12853729	467110	476187	64444167	5366763	chr20	tig00000022
12853949	12869256	476189	491380	64444167	5366763	chr20	tig00000022
12869265	12918915	491501	540526	64444167	5366763	chr20	tig00000022
12919318	12942344	540588	563377	64444167	5366763	chr20	tig00000022
12942571	12985939	563510	606564	64444167	5366763	chr20	tig00000022
12986278	12996897	606754	617289	64444167	5366763	chr20	tig00000022
12997130	13019953	617330	639919	64444167	5366763	chr20	tig00000022
13020260	13029982	639923	649500	64444167	5366763	chr20	tig00000022
13030024	13066160	649657	685365	64444167	5366763	chr20	tig00000022
13079106	13094495	697439	712703	64444167	5366763	chr20	tig00000022
13094768	13100887	712703	718712	64444167	5366763	chr20	tig00000022
13100887	13109012	718812	726720	64444167	5366763	chr20	tig00000022
13109219	13123536	726794	740924	64444167	5366763	chr20	tig00000022
13123975	13212537	741268	828935	64444167	5366763	chr20	tig00000022
13213173	13219134	829219	835040	64444167	5366763	chr20	tig00000022
13219512	13241492	835982	857619	64444167	5366763	chr20	tig00000022
13241709	13251890	857660	867680	64444167	5366763	chr20	tig00000022
13251853	13294628	867738	909722	64444167	5366763	chr20	tig00000022
13295823	13378510	910779	992428	64444167	5366763	chr20	tig00000022
13378920	13466918	992458	1079172	64444167	5366763	chr20	tig00000022
13467101	13675402	1079205	1284797	64444167	5366763	chr20	tig00000022
13679674	13721656	1288571	1329945	64444167	5366763	chr20	tig00000022
13723499	13749285	1332078	1357606	64444167	5366763	chr20	tig00000022
13753162	13877120	1360978	1483142	64444167	5366763	chr20	tig00000022
13878323	13908222	1483149	1512751	64444167	5366763	chr20	tig00000022
13908441	13930301	1512745	1534350	64444167	5366763	chr20	tig00000022
13934323	13951617	1539391	1556522	64444167	5366763	chr20	tig00000022
13951347	13986932	1561246	1596422	64444167	5366763	chr20	tig00000022
13987240	14000335	1596547	1609414	64444167	5366763	chr20	tig00000022
14000661	14033352	1609496	1641794	64444167	5366763	chr20	tig00000022
14034124	14153463	1641823	1760020	64444167	5366763	chr20	tig00000022
14153728	14181392	1760155	1787477	64444167	5366763	chr20	tig00000022
14184470	14189077	1790177	1794762	64444167	5366763	chr20	tig00000022
14189410	14193001	1794763	1798290	64444167	5366763	chr20	tig00000022
14193845	14204139	1799016	1809193	64444167	5366763	chr20	tig00000022
14204216	14205773	1809442	1810988	64444167	5366763	chr20	tig00000022
14205604	14214027	1810989	1819346	64444167	5366763	chr20	tig00000022
14214027	14226515	1819469	1831712	64444167	5366763	chr20	tig00000022
14226616	14273129	1831712	1877795	64444167	5366763	chr20	tig00000022
14273797	14296628	1878324	1900964	64444167	5366763	chr20	tig00000022
14296996	14305409	1900966	1909266	64444167	5366763	chr20	tig00000022
14306897	14548436	1910318	2149377	64444167	5366763	chr20	tig00000022
14548749	14558204	2149377	2158739	64444167	5366763	chr20	tig00000022
14558474	14667074	2158846	2266503	64444167	5366763	chr20	tig00000022
14670383	14702622	2269264	2301184	64444167	5366763	chr20	tig00000022
14706054	14718679	2303682	2316165	64444167	5366763	chr20	tig00000022
14718837	14732610	2316239	2329896	64444167	5366763	chr20	tig00000022
14732781	14862716	2329948	2458417	64444167	5366763	chr20	tig00000022
14862716	14914848	2458754	2510418	64444167	5366763	chr20	tig00000022
14914939	14969118	2510417	2564191	64444167	5366763	chr20	tig00000022
14969386	15068506	2564316	2662180	64444167	5366763	chr20	tig00000022
15068622	15107027	2662180	2700209	64444167	5366763	chr20	tig00000022
15123773	15167131	2716191	2759006	64444167	5366763	chr20	tig00000022
15167317	15276504	2759093	2867237	64444167	5366763	chr20	tig00000022
15276728	15306084	2867262	2896337	64444167	5366763	chr20	tig00000022
15307145	15340448	2896986	2930010	64444167	5366763	chr20	tig00000022
15340652	15378921	2930010	2967841	64444167	5366763	chr20	tig00000022
15379034	15398872	2967841	2987509	64444167	5366763	chr20	tig00000022
15399932	15445414	2987509	3032321	64444167	5366763	chr20	tig00000022
15445549	15454649	3032344	3041320	64444167	5366763	chr20	tig00000022
15455825	15489951	3042270	3075882	64444167	5366763	chr20	tig00000022
15490705	15496505	3076065	3081744	64444167	5366763	chr20	tig00000022
15496505	15507453	3082151	3092937	64444167	5366763	chr20	tig00000022
15507462	15578640	3092872	3163444	64444167	5366763	chr20	tig00000022
15578585	15590185	3163443	3174908	64444167	5366763	chr20	tig00000022
15590468	15610389	3174908	3194578	64444167	5366763	chr20	tig00000022
15610547	15715340	3194639	3298232	64444167	5366763	chr20	tig00000022
15715621	15730892	3298257	3313446	64444167	5366763	chr20	tig00000022
15731755	15746562	3313480	3328209	64444167	5366763	chr20	tig00000022
15746692	15768571	3328209	3349847	64444167	5366763	chr20	tig00000022
15768847	15794881	3349848	3375600	64444167	5366763	chr20	tig00000022
15795589	15834840	3375981	3414852	64444167	5366763	chr20	tig00000022
15835016	15879013	3414894	3458393	64444167	5366763	chr20	tig00000022
15879320	15899964	3458398	3478758	64444167	5366763	chr20	tig00000022
15900085	16041382	3478759	3618389	64444167	5366763	chr20	tig00000022
16041737	16081975	3618393	3658083	64444167	5366763	chr20	tig00000022
16082462	16214380	3658407	3788890	64444167	5366763	chr20	tig00000022
16214916	16227204	3789044	3801114	64444167	5366763	chr20	tig00000022
16228476	16237555	3802009	3810905	64444167	5366763	chr20	tig00000022
16237641	16240827	3811472	3814604	64444167	5366763	chr20	tig00000022
16241341	16259286	3814604	3832083	64444167	5366763	chr20	tig00000022
16260388	16284398	3834766	3858325	64444167	5366763	chr20	tig00000022
16284556	16290559	3858373	3864290	64444167	5366763	chr20	tig00000022
16290646	16295775	3864449	3869522	64444167	5366763	chr20	tig00000022
16296402	16317057	3869523	3890012	64444167	5366763	chr20	tig00000022
16319986	16345506	3892674	3917912	64444167	5366763	chr20	tig00000022
16348613	16361273	3920642	3933107	64444167	5366763	chr20	tig00000022
16361704	16488686	3933306	4058783	64444167	5366763	chr20	tig00000022
16489039	16519086	4058825	4088499	64444167	5366763	chr20	tig00000022
16519353	16525751	4088499	4094803	64444167	5366763	chr20	tig00000022
16526696	16543435	4095598	4112123	64444167	5366763	chr20	tig00000022
16543650	16550593	4112145	4118996	64444167	5366763	chr20	tig00000022
16550716	16598432	4119002	4165838	64444167	5366763	chr20	tig00000022
16598021	16600364	4166135	4168417	64444167	5366763	chr20	tig00000022
16600589	16647488	4168425	4214684	64444167	5366763	chr20	tig00000022
16647843	16692209	4214959	4258796	64444167	5366763	chr20	tig00000022
16692349	16696921	4258805	4263308	64444167	5366763	chr20	tig00000022
16697316	16793589	4263497	4358702	64444167	5366763	chr20	tig00000022
16793775	16894396	4358779	4458459	64444167	5366763	chr20	tig00000022
16894386	16924864	4458778	4488861	64444167	5366763	chr20	tig00000022
16925135	17039343	4488935	4601639	64444167	5366763	chr20	tig00000022
17040663	17065751	4602766	4627595	64444167	5366763	chr20	tig00000022
17068381	17081307	4629650	4642451	64444167	5366763	chr20	tig00000022
17085087	17118264	4646011	4678930	64444167	5366763	chr20	tig00000022
17123178	17129381	4683182	4689236	64444167	5366763	chr20	tig00000022
17130073	17327592	4689729	4885549	64444167	5366763	chr20	tig00000022
17327747	17330831	4885606	4888662	64444167	5366763	chr20	tig00000022
17331173	17335180	4888663	4892629	64444167	5366763	chr20	tig00000022
17335304	17356020	4892758	4913115	64444167	5366763	chr20	tig00000022
17356547	17417473	4913196	4973613	64444167	5366763	chr20	tig00000022
17417616	17479244	4973690	5034468	64444167	5366763	chr20	tig00000022
17483902	17493903	5038351	5048195	64444167	5366763	chr20	tig00000022
17494220	17523990	5048266	5077469	64444167	5366763	chr20	tig00000022
17524248	17568191	5077497	5120820	64444167	5366763	chr20	tig00000022
17573535	17576357	5125966	5128754	64444167	5366763	chr20	tig00000022
17576472	17615111	5128772	5166872	64444167	5366763	chr20	tig00000022
17615491	17639677	5166924	5190290	64444167	5366763	chr20	tig00000022
17639786	17653032	5190293	5203157	64444167	5366763	chr20	tig00000022
17665206	17681238	5214969	5230731	64444167	5366763	chr20	tig00000022
17681384	17693343	5230731	5242487	64444167	5366763	chr20	tig00000022
17694388	17735130	5242501	5282402	64444167	5366763	chr20	tig00000022
17735567	17748516	5282426	5295184	64444167	5366763	chr20	tig00000022
17749298	17779862	5295537	5325492	64444167	5366763	chr20	tig00000022
17800333	17819465	5345332	5363779	64444167	5366763	chr20	tig00000022
57730647	57779982	3	48392	64444167	4124521	chr20	tig00000027
57780364	57791675	48542	59668	64444167	4124521	chr20	tig00000027
57792348	57800866	59857	68248	64444167	4124521	chr20	tig00000027
57801338	57861586	68378	127587	64444167	4124521	chr20	tig00000027
57861972	57866318	127811	132098	64444167	4124521	chr20	tig00000027
57866346	57871638	132421	137597	64444167	4124521	chr20	tig00000027
57871954	57876313	137725	142022	64444167	4124521	chr20	tig00000027
57876514	57904646	142150	169634	64444167	4124521	chr20	tig00000027
57906499	57927993	171340	192454	64444167	4124521	chr20	tig00000027
57927993	57965797	192698	229825	64444167	4124521	chr20	tig00000027
57965932	57975070	229848	238846	64444167	4124521	chr20	tig00000027
57975079	57979553	239914	244322	64444167	4124521	chr20	tig00000027
57979645	58003436	244322	267668	64444167	4124521	chr20	tig00000027
58003200	58007688	268588	273033	64444167	4124521	chr20	tig00000027
58009805	58020744	274960	285677	64444167	4124521	chr20	tig00000027
58021072	58032292	285815	296857	64444167	4124521	chr20	tig00000027
58032423	58084253	296884	348129	64444167	4124521	chr20	tig00000027
58084451	58093432	348222	357058	64444167	4124521	chr20	tig00000027
58097021	58157473	360743	420416	64444167	4124521	chr20	tig00000027
58157645	58160321	420460	423103	64444167	4124521	chr20	tig00000027
58160446	58196906	423110	458913	64444167	4124521	chr20	tig00000027
58196907	58205137	460761	468822	64444167	4124521	chr20	tig00000027
58208137	58209002	471463	472320	64444167	4124521	chr20	tig00000027
58213797	58231854	476875	494487	64444167	4124521	chr20	tig00000027
58231989	58250064	494500	512115	64444167	4124521	chr20	tig00000027
58250081	58260857	512385	523021	64444167	4124521	chr20	tig00000027
58261168	58279511	523073	541044	64444167	4124521	chr20	tig00000027
58279691	58320435	541138	581074	64444167	4124521	chr20	tig00000027
58321092	58334398	581537	594700	64444167	4124521	chr20	tig00000027
58335514	58403985	595650	662743	64444167	4124521	chr20	tig00000027
58404237	58413698	662880	672221	64444167	4124521	chr20	tig00000027
58416429	58435711	676109	695063	64444167	4124521	chr20	tig00000027
58435711	58480366	695574	739373	64444167	4124521	chr20	tig00000027
58480521	58520328	739373	778168	64444167	4124521	chr20	tig00000027
58520328	58528492	779206	787150	64444167	4124521	chr20	tig00000027
58528631	58542334	787291	800903	64444167	4124521	chr20	tig00000027
58542478	58548915	800903	807213	64444167	4124521	chr20	tig00000027
58551851	58688677	809908	943415	64444167	4124521	chr20	tig00000027
58695006	58704924	950417	960038	64444167	4124521	chr20	tig00000027
58718145	58780657	972608	1033993	64444167	4124521	chr20	tig00000027
58780873	58793103	1034083	1045951	64444167	4124521	chr20	tig00000027
58796447	58830713	1049438	1083001	64444167	4124521	chr20	tig00000027
58837720	58931484	1090017	1181605	64444167	4124521	chr20	tig00000027
58931484	58953167	1181724	1203091	64444167	4124521	chr20	tig00000027
58953574	58980977	1203325	1230230	64444167	4124521	chr20	tig00000027
58981180	59133392	1230255	1380000	64444167	4124521	chr20	tig00000027
59133396	59138452	1380193	1385190	64444167	4124521	chr20	tig00000027
59138667	59189966	1385222	1435767	64444167	4124521	chr20	tig00000027
59190722	59204500	1435786	1449251	64444167	4124521	chr20	tig00000027
59204714	59236705	1449324	1480850	64444167	4124521	chr20	tig00000027
59237749	59283934	1481272	1526646	64444167	4124521	chr20	tig00000027
59284119	59318767	1526681	1560834	64444167	4124521	chr20	tig00000027
59319178	59327158	1560837	1568635	64444167	4124521	chr20	tig00000027
59329486	59349194	1570439	1589875	64444167	4124521	chr20	tig00000027
59349436	59361236	1589910	1601374	64444167	4124521	chr20	tig00000027
59362844	59384480	1602452	1623716	64444167	4124521	chr20	tig00000027
59384921	59393267	1624061	1632234	64444167	4124521	chr20	tig00000027
59398378	59445244	1636679	1682375	64444167	4124521	chr20	tig00000027
59450511	59486669	1687380	1722428	64444167	4124521	chr20	tig00000027
59488097	59546087	1723804	1780834	64444167	4124521	chr20	tig00000027
59546600	59570862	1781010	1804767	64444167	4124521	chr20	tig00000027
59571542	59575461	1804790	1808628	64444167	4124521	chr20	tig00000027
59579765	59583334	1812638	1816139	64444167	4124521	chr20	tig00000027
59583624	59594064	1816139	1826354	64444167	4124521	chr20	tig00000027
59594347	59672009	1826420	1902929	64444167	4124521	chr20	tig00000027
59675158	59855964	1905782	2083975	64444167	4124521	chr20	tig00000027
59856410	59864799	2084050	2092351	64444167	4124521	chr20	tig00000027
59865879	59886929	2093783	2114690	64444167	4124521	chr20	tig00000027
59887849	59908938	2114784	2135611	64444167	4124521	chr20	tig00000027
59909114	59932753	2135666	2159144	64444167	4124521	chr20	tig00000027
59933569	59939114	2159758	2164998	64444167	4124521	chr20	tig00000027
59939812	59948749	2165499	2174021	64444167	4124521	chr20	tig00000027
59948882	59966444	2174032	2191154	64444167	4124521	chr20	tig00000027
59967197	60027061	2191549	2250439	64444167	4124521	chr20	tig00000027
60027242	60048572	2250489	2271485	64444167	4124521	chr20	tig00000027
60048875	60087841	2271569	2309921	64444167	4124521	chr20	tig00000027
60087935	60117882	2309921	2339323	64444167	4124521	chr20	tig00000027
60118069	60137605	2339350	2358665	64444167	4124521	chr20	tig00000027
60139674	60211146	2360024	2430731	64444167	4124521	chr20	tig00000027
60211402	60225110	2430868	2444411	64444167	4124521	chr20	tig00000027
60231355	60287378	2450392	2505479	64444167	4124521	chr20	tig00000027
60287529	60314982	2505502	2532418	64444167	4124521	chr20	tig00000027
60314982	60344203	2533361	2561932	64444167	4124521	chr20	tig00000027
60346163	60563572	2563629	2777765	64444167	4124521	chr20	tig00000027
60563932	60677200	2777814	2889532	64444167	4124521	chr20	tig00000027
60677736	60764350	2890140	2975726	64444167	4124521	chr20	tig00000027
60767396	60785630	2978522	2996461	64444167	4124521	chr20	tig00000027
60785812	60790443	2996510	3001074	64444167	4124521	chr20	tig00000027
60792072	60853510	3002582	3063240	64444167	4124521	chr20	tig00000027
60853743	60913718	3063343	3122311	64444167	4124521	chr20	tig00000027
60913978	60991957	3122350	3199077	64444167	4124521	chr20	tig00000027
60992317	61029112	3199114	3235319	64444167	4124521	chr20	tig00000027
61036295	61140017	3242155	3344112	64444167	4124521	chr20	tig00000027
61140682	61143746	3344534	3347526	64444167	4124521	chr20	tig00000027
61143914	61148021	3347886	3351903	64444167	4124521	chr20	tig00000027
61148336	61152957	3352007	3356588	64444167	4124521	chr20	tig00000027
61153119	61163279	3356638	3366572	64444167	4124521	chr20	tig00000027
61163400	61189753	3366706	3392737	64444167	4124521	chr20	tig00000027
61190430	61196982	3393074	3399488	64444167	4124521	chr20	tig00000027
61197151	61237291	3399594	3439066	64444167	4124521	chr20	tig00000027
61237406	61266017	3439088	3467027	64444167	4124521	chr20	tig00000027
61272878	61280093	3473901	3480872	64444167	4124521	chr20	tig00000027
61289718	61304270	3489573	3503763	64444167	4124521	chr20	tig00000027
61304579	61329445	3503845	3528256	64444167	4124521	chr20	tig00000027
61337299	61350581	3537574	3550498	64444167	4124521	chr20	tig00000027
61353604	61376102	3553790	3575692	64444167	4124521	chr20	tig00000027
61377090	61383884	3577181	3583860	64444167	4124521	chr20	tig00000027
61389793	61399123	3589859	3598898	64444167	4124521	chr20	tig00000027
61399446	61422955	3598901	3621876	64444167	4124521	chr20	tig00000027
61423518	61427161	3622053	3625590	64444167	4124521	chr20	tig00000027
61430223	61434415	3628424	3632523	64444167	4124521	chr20	tig00000027
61435312	61444270	3632943	3641783	64444167	4124521	chr20	tig00000027
61444270	61475680	3642178	3673098	64444167	4124521	chr20	tig00000027
61475681	61479445	3673346	3677037	64444167	4124521	chr20	tig00000027
61479808	61486617	3677092	3683801	64444167	4124521	chr20	tig00000027
61487611	61512660	3684258	3708966	64444167	4124521	chr20	tig00000027
61512941	61524949	3708988	3720580	64444167	4124521	chr20	tig00000027
61525550	61546285	3720662	3740895	64444167	4124521	chr20	tig00000027
61546289	61554700	3741007	3749244	64444167	4124521	chr20	tig00000027
61554956	61563130	3749365	3757347	64444167	4124521	chr20	tig00000027
61563239	61586121	3757350	3779840	64444167	4124521	chr20	tig00000027
61586213	61620206	3779840	3813250	64444167	4124521	chr20	tig00000027
61621967	61645990	3814612	3838114	64444167	4124521	chr20	tig00000027
61654926	61678167	3845818	3868437	64444167	4124521	chr20	tig00000027
61678454	61727627	3868602	3916534	64444167	4124521	chr20	tig00000027
61727839	61744504	3916573	3932733	64444167	4124521	chr20	tig00000027
61744602	61752492	3932733	3940505	64444167	4124521	chr20	tig00000027
61763598	61784433	3950768	3971063	64444167	4124521	chr20	tig00000027
61785055	61795159	3971259	3981103	64444167	4124521	chr20	tig00000027
61795159	61811379	3981401	3997184	64444167	4124521	chr20	tig00000027
61811643	61823356	3997214	4008713	64444167	4124521	chr20	tig00000027
61823228	61846157	4009374	4031742	64444167	4124521	chr20	tig00000027
61854994	61869404	4039583	4053458	64444167	4124521	chr20	tig00000027
53555570	53599495	3050485	3007357	64444167	3050487	chr20	tig00000032
53608702	53746679	2998426	2863715	64444167	3050487	chr20	tig00000032
53747892	53759455	2862575	2851370	64444167	3050487	chr20	tig00000032
53763851	53819713	2847108	2792380	64444167	3050487	chr20	tig00000032
53823317	53830620	2790043	2782868	64444167	3050487	chr20	tig00000032
53841599	54030531	2772015	2586073	64444167	3050487	chr20	tig00000032
54041464	54079312	2586078	2548928	64444167	3050487	chr20	tig00000032
54081001	54168471	2547418	2461269	64444167	3050487	chr20	tig00000032
54171397	54250468	2458796	2380900	64444167	3050487	chr20	tig00000032
54250749	54676126	2380709	1959861	64444167	3050487	chr20	tig00000032
54676440	54966682	1959861	1672215	64444167	3050487	chr20	tig00000032
54966899	55145311	1672161	1495632	64444167	3050487	chr20	tig00000032
55145303	55180525	1495334	1460579	64444167	3050487	chr20	tig00000032
55180745	55262177	1460472	1379942	64444167	3050487	chr20	tig00000032
55262184	55416531	1380031	1227092	64444167	3050487	chr20	tig00000032
55416916	55497379	1227069	1147302	64444167	3050487	chr20	tig00000032
55497948	55532982	1147103	1112340	64444167	3050487	chr20	tig00000032
55533147	55586323	1112340	1059550	64444167	3050487	chr20	tig00000032
55586323	55625404	1059421	1020592	64444167	3050487	chr20	tig00000032
55625408	55628252	1020361	1017534	64444167	3050487	chr20	tig00000032
55628368	55831687	1017530	816230	64444167	3050487	chr20	tig00000032
55831689	55945770	816131	703253	64444167	3050487	chr20	tig00000032
55945770	56089396	703121	561447	64444167	3050487	chr20	tig00000032
56089785	56281848	561233	371371	64444167	3050487	chr20	tig00000032
56284293	56654859	366175	2320	64444167	3050487	chr20	tig00000032
63841	66235	9962	12289	64444167	2642832	chr20	tig00000034
66336	134413	12403	79696	64444167	2642832	chr20	tig00000034
134419	139213	80077	84811	64444167	2642832	chr20	tig00000034
140879	173423	85818	118083	64444167	2642832	chr20	tig00000034
173423	218282	118285	162480	64444167	2642832	chr20	tig00000034
218424	221420	162498	165428	64444167	2642832	chr20	tig00000034
221574	261623	165432	204940	64444167	2642832	chr20	tig00000034
263988	279156	206981	221649	64444167	2642832	chr20	tig00000034
279162	288436	222104	231181	64444167	2642832	chr20	tig00000034
288739	296660	231355	239138	64444167	2642832	chr20	tig00000034
297071	306476	239167	248300	64444167	2642832	chr20	tig00000034
310540	323988	252162	265269	64444167	2642832	chr20	tig00000034
327609	375464	269096	315987	64444167	2642832	chr20	tig00000034
378327	420728	318546	359958	64444167	2642832	chr20	tig00000034
420731	442571	360176	381528	64444167	2642832	chr20	tig00000034
452952	478803	390314	415675	64444167	2642832	chr20	tig00000034
479143	543134	415736	478553	64444167	2642832	chr20	tig00000034
543492	572664	478556	507060	64444167	2642832	chr20	tig00000034
572907	580150	507091	514185	64444167	2642832	chr20	tig00000034
580493	599818	514185	532976	64444167	2642832	chr20	tig00000034
613838	642010	546454	574187	64444167	2642832	chr20	tig00000034
642266	663138	574886	595040	64444167	2642832	chr20	tig00000034
667622	755231	599023	684931	64444167	2642832	chr20	tig00000034
755643	779264	685055	708336	64444167	2642832	chr20	tig00000034
779352	781245	708346	710227	64444167	2642832	chr20	tig00000034
781383	814590	710252	742952	64444167	2642832	chr20	tig00000034
822982	826654	753692	757288	64444167	2642832	chr20	tig00000034
826806	873647	757292	803400	64444167	2642832	chr20	tig00000034
874348	942610	803405	870607	64444167	2642832	chr20	tig00000034
942706	1019969	870614	946593	64444167	2642832	chr20	tig00000034
1019969	1024762	946708	951447	64444167	2642832	chr20	tig00000034
1025079	1088288	951503	1014052	64444167	2642832	chr20	tig00000034
1088968	1122097	1014256	1046852	64444167	2642832	chr20	tig00000034
1136255	1150162	1059796	1073477	64444167	2642832	chr20	tig00000034
1149838	1190151	1073771	1113059	64444167	2642832	chr20	tig00000034
1190674	1260420	1113218	1182054	64444167	2642832	chr20	tig00000034
1258135	1278617	1180574	1200684	64444167	2642832	chr20	tig00000034
1280764	1297898	1202686	1219539	64444167	2642832	chr20	tig00000034
1298020	1309002	1219545	1230185	64444167	2642832	chr20	tig00000034
1311328	1371622	1232213	1291410	64444167	2642832	chr20	tig00000034
1372024	1391755	1291519	1310997	64444167	2642832	chr20	tig00000034
1410171	1415142	1326940	1331886	64444167	2642832	chr20	tig00000034
1415478	1437715	1332080	1353988	64444167	2642832	chr20	tig00000034
1437787	1439645	1354181	1356021	64444167	2642832	chr20	tig00000034
1443583	1527887	1359615	1442671	64444167	2642832	chr20	tig00000034
1528134	1532821	1442672	1447323	64444167	2642832	chr20	tig00000034
1533139	1571579	1447352	1485430	64444167	2642832	chr20	tig00000034
1618358	1647853	1498523	1527556	64444167	2642832	chr20	tig00000034
1648262	1681353	1527561	1560246	64444167	2642832	chr20	tig00000034
1681451	1704682	1560246	1583263	64444167	2642832	chr20	tig00000034
1704879	1728720	1583261	1606790	64444167	2642832	chr20	tig00000034
1728847	1764145	1606820	1641627	64444167	2642832	chr20	tig00000034
1764883	1773204	1641974	1650117	64444167	2642832	chr20	tig00000034
1773526	1798041	1650232	1674422	64444167	2642832	chr20	tig00000034
1798041	1822012	1674536	1698124	64444167	2642832	chr20	tig00000034
1822666	1874101	1698599	1749145	64444167	2642832	chr20	tig00000034
1877423	1894334	1754503	1770893	64444167	2642832	chr20	tig00000034
1904363	1954593	1780284	1829535	64444167	2642832	chr20	tig00000034
1954975	1986413	1829757	1860748	64444167	2642832	chr20	tig00000034
1995375	2030861	1869383	1904317	64444167	2642832	chr20	tig00000034
2031012	2058324	1904304	1931355	64444167	2642832	chr20	tig00000034
2058516	2150265	1931395	2021480	64444167	2642832	chr20	tig00000034
2150308	2172856	2022189	2044296	64444167	2642832	chr20	tig00000034
2173147	2207596	2044328	2078228	64444167	2642832	chr20	tig00000034
2207732	2229230	2078298	2099472	64444167	2642832	chr20	tig00000034
2241272	2258487	2112107	2129030	64444167	2642832	chr20	tig00000034
2258619	2287167	2129030	2157079	64444167	2642832	chr20	tig00000034
2287742	2298345	2157359	2167744	64444167	2642832	chr20	tig00000034
2313995	2334912	2183182	2203779	64444167	2642832	chr20	tig00000034
2335098	2337409	2203826	2206106	64444167	2642832	chr20	tig00000034
2337570	2378171	2206157	2246236	64444167	2642832	chr20	tig00000034
2380159	2398683	2248133	2266174	64444167	2642832	chr20	tig00000034
2398834	2504564	2266214	2370380	64444167	2642832	chr20	tig00000034
2506588	2523470	2372260	2388835	64444167	2642832	chr20	tig00000034
2523598	2541854	2388861	2406517	64444167	2642832	chr20	tig00000034
2542657	2553718	2407186	2417993	64444167	2642832	chr20	tig00000034
2553875	2652803	2418089	2515527	64444167	2642832	chr20	tig00000034
2659076	2682317	2521646	2544319	64444167	2642832	chr20	tig00000034
2682158	2708100	2544082	2569513	64444167	2642832	chr20	tig00000034
2708861	2714415	2569695	2575138	64444167	2642832	chr20	tig00000034
2714624	2732998	2575171	2593160	64444167	2642832	chr20	tig00000034
2735083	2761887	2595128	2621344	64444167	2642832	chr20	tig00000034
2762168	2783890	2621449	2642832	64444167	2642832	chr20	tig00000034
26090821	26122220	153823	122759	64444167	153823	chr20	tig00000039
26122386	26136274	122688	109048	64444167	153823	chr20	tig00000039
26138780	26210338	106704	35794	64444167	153823	chr20	tig00000039
26210338	26246403	35506	1	64444167	153823	chr20	tig00000039
51959106	52091747	1569841	1439028	64444167	1569841	chr20	tig00000052
52101633	52142866	1429358	1388822	64444167	1569841	chr20	tig00000052
52144591	52193144	1388822	1341350	64444167	1569841	chr20	tig00000052
52195007	52442618	1339510	1094569	64444167	1569841	chr20	tig00000052
52442749	52994713	1094550	548623	64444167	1569841	chr20	tig00000052
52995168	53150057	548528	395701	64444167	1569841	chr20	tig00000052
53150744	53204447	395522	342477	64444167	1569841	chr20	tig00000052
53204447	53415705	341476	133137	64444167	1569841	chr20	tig00000052
53415705	53469757	132958	79824	64444167	1569841	chr20	tig00000052
53469911	53500290	79801	49930	64444167	1569841	chr20	tig00000052
53503760	53551181	46678	1	64444167	1569841	chr20	tig00000052
22081204	22140272	1568282	1509925	64444167	1568282	chr20	tig00000055
22140444	22204058	1509840	1447058	64444167	1568282	chr20	tig00000055
22205656	22471994	1445657	1182068	64444167	1568282	chr20	tig00000055
22471993	22505526	1180260	1147117	64444167	1568282	chr20	tig00000055
22505632	22538964	1147114	1114120	64444167	1568282	chr20	tig00000055
22539066	22882809	1114119	774588	64444167	1568282	chr20	tig00000055
22882809	23122666	774444	537787	64444167	1568282	chr20	tig00000055
23122996	23155676	537750	505570	64444167	1568282	chr20	tig00000055
23155676	23268019	505431	394714	64444167	1568282	chr20	tig00000055
23268019	23561048	394599	105747	64444167	1568282	chr20	tig00000055
23561160	23668488	105747	1	64444167	1568282	chr20	tig00000055
33432259	33447699	1	15115	64444167	1184627	chr20	tig00000056
33448025	33454925	15115	21767	64444167	1184627	chr20	tig00000056
33460951	33489609	26917	54912	64444167	1184627	chr20	tig00000056
33489890	33508155	54987	72842	64444167	1184627	chr20	tig00000056
33511112	33535450	75622	99544	64444167	1184627	chr20	tig00000056
33535936	33557763	99548	121009	64444167	1184627	chr20	tig00000056
33558131	33591854	121147	154442	64444167	1184627	chr20	tig00000056
33593596	33616279	155986	178474	64444167	1184627	chr20	tig00000056
33616490	33632756	178479	194425	64444167	1184627	chr20	tig00000056
33633020	33638648	194425	199961	64444167	1184627	chr20	tig00000056
33639168	33643778	199995	204492	64444167	1184627	chr20	tig00000056
33649936	33699837	210649	259265	64444167	1184627	chr20	tig00000056
33705455	33771388	264304	328885	64444167	1184627	chr20	tig00000056
33774392	33862722	331539	418154	64444167	1184627	chr20	tig00000056
33863170	33918978	418257	472951	64444167	1184627	chr20	tig00000056
33919202	33923987	472952	477686	64444167	1184627	chr20	tig00000056
33924108	33933618	477708	487048	64444167	1184627	chr20	tig00000056
33934284	33950665	487271	503471	64444167	1184627	chr20	tig00000056
33951269	33969444	503690	521458	64444167	1184627	chr20	tig00000056
33969840	34100462	521458	649600	64444167	1184627	chr20	tig00000056
34100654	34150268	649605	698365	64444167	1184627	chr20	tig00000056
34150592	34228132	698490	774636	64444167	1184627	chr20	tig00000056
34231420	34268050	774627	810667	64444167	1184627	chr20	tig00000056
34268444	34280587	810721	822597	64444167	1184627	chr20	tig00000056
34280696	34303212	822597	844482	64444167	1184627	chr20	tig00000056
34303433	34331891	844488	872464	64444167	1184627	chr20	tig00000056
34332329	34343447	872497	883381	64444167	1184627	chr20	tig00000056
34357779	34388115	897127	926863	64444167	1184627	chr20	tig00000056
34393273	34413196	931379	951019	64444167	1184627	chr20	tig00000056
34413346	34450319	951019	987379	64444167	1184627	chr20	tig00000056
34451121	34527041	987542	1062175	64444167	1184627	chr20	tig00000056
34528341	34544010	1063055	1078374	64444167	1184627	chr20	tig00000056
34544268	34589639	1078379	1122494	64444167	1184627	chr20	tig00000056
34598192	34637309	1131773	1170289	64444167	1184627	chr20	tig00000056
34637439	34643208	1170292	1175933	64444167	1184627	chr20	tig00000056
50780564	50853898	1074477	1002667	64444167	1074480	chr20	tig00000059
50858207	50882841	998330	974319	64444167	1074480	chr20	tig00000059
50883916	50954799	973327	903512	64444167	1074480	chr20	tig00000059
50955048	51387624	903461	477829	64444167	1074480	chr20	tig00000059
51387761	51455022	477760	412104	64444167	1074480	chr20	tig00000059
51455490	51500848	412030	367539	64444167	1074480	chr20	tig00000059
51500848	51635730	367344	234859	64444167	1074480	chr20	tig00000059
51635855	51738772	234853	133680	64444167	1074480	chr20	tig00000059
51740561	51815226	131374	58402	64444167	1074480	chr20	tig00000059
51824004	51870572	49840	4140	64444167	1074480	chr20	tig00000059
3854552	4031293	1159515	985843	64444167	1159515	chr20	tig00000062
4033595	4102199	983523	916079	64444167	1159515	chr20	tig00000062
4102184	4118747	913379	897062	64444167	1159515	chr20	tig00000062
4122870	4446660	893046	574265	64444167	1159515	chr20	tig00000062
4446666	4642080	569518	376134	64444167	1159515	chr20	tig00000062
4642221	4798719	376092	222285	64444167	1159515	chr20	tig00000062
4801890	4970586	219189	53270	64444167	1159515	chr20	tig00000062
4983569	5024825	40547	147	64444167	1159515	chr20	tig00000062
1574705	1613624	38241	1	64444167	38241	chr20	tig00000065
2789341	2821357	1023187	992003	64444167	1023187	chr20	tig00000067
2825764	2866087	990855	951295	64444167	1023187	chr20	tig00000067
2870273	2969674	947264	849340	64444167	1023187	chr20	tig00000067
2969786	3018795	849340	801020	64444167	1023187	chr20	tig00000067
3019542	3046931	800330	773580	64444167	1023187	chr20	tig00000067
3057385	3173538	763563	649837	64444167	1023187	chr20	tig00000067
3177516	3195843	645907	627933	64444167	1023187	chr20	tig00000067
3197106	3222758	626676	601607	64444167	1023187	chr20	tig00000067
3233606	3404293	591109	423147	64444167	1023187	chr20	tig00000067
3404557	3803426	423057	31775	64444167	1023187	chr20	tig00000067
3807566	3836178	27732	1	64444167	1023187	chr20	tig00000067
62000468	62050141	40170	88402	64444167	1166674	chr20	tig00000069
62060364	62083523	97449	119920	64444167	1166674	chr20	tig00000069
62087841	62155169	123999	189786	64444167	1166674	chr20	tig00000069
62163726	62184318	198050	217759	64444167	1166674	chr20	tig00000069
62191263	62204360	224522	237146	64444167	1166674	chr20	tig00000069
62213056	62248255	245359	279356	64444167	1166674	chr20	tig00000069
62285689	62314130	315467	343021	64444167	1166674	chr20	tig00000069
62318215	62348055	350554	379301	64444167	1166674	chr20	tig00000069
62373557	62382347	404563	412995	64444167	1166674	chr20	tig00000069
62382216	62414523	413812	445241	64444167	1166674	chr20	tig00000069
62417560	62422683	448108	453052	64444167	1166674	chr20	tig00000069
62422683	62446874	453191	476739	64444167	1166674	chr20	tig00000069
62467391	62504419	496388	532228	64444167	1166674	chr20	tig00000069
62544462	62655344	572385	680469	64444167	1166674	chr20	tig00000069
62673788	62680015	697161	703149	64444167	1166674	chr20	tig00000069
62699528	62755971	722124	777117	64444167	1166674	chr20	tig00000069
62755055	62818994	776618	838970	64444167	1166674	chr20	tig00000069
62832657	62871653	852487	890377	64444167	1166674	chr20	tig00000069
62881721	62961335	900558	978140	64444167	1166674	chr20	tig00000069
62972194	62986702	988469	1002655	64444167	1166674	chr20	tig00000069
62995376	63023525	1010995	1038404	64444167	1166674	chr20	tig00000069
63031353	63049330	1047079	1064520	64444167	1166674	chr20	tig00000069
63049330	63068769	1065116	1083835	64444167	1166674	chr20	tig00000069
63068769	63093346	1084545	1108612	64444167	1166674	chr20	tig00000069
63094246	63101779	1108614	1115925	64444167	1166674	chr20	tig00000069
63103281	63134667	1118234	1148954	64444167	1166674	chr20	tig00000069
63135753	63153218	1149610	1166674	64444167	1166674	chr20	tig00000069
35814842	35892370	1	76215	64444167	887318	chr20	tig00000074
35894282	35922616	77914	105829	64444167	887318	chr20	tig00000074
35922779	35931505	105865	114361	64444167	887318	chr20	tig00000074
35931621	36006051	114379	187485	64444167	887318	chr20	tig00000074
36006299	36040782	187533	221254	64444167	887318	chr20	tig00000074
36041112	36051322	221272	231326	64444167	887318	chr20	tig00000074
36053081	36064664	232894	244318	64444167	887318	chr20	tig00000074
36064812	36065506	244337	245008	64444167	887318	chr20	tig00000074
36066014	36138580	245415	316325	64444167	887318	chr20	tig00000074
36140511	36232756	318418	408911	64444167	887318	chr20	tig00000074
36232905	36252346	408953	428093	64444167	887318	chr20	tig00000074
36252690	36304350	428196	478899	64444167	887318	chr20	tig00000074
36305622	36314370	479761	488228	64444167	887318	chr20	tig00000074
36314720	36343020	490022	517739	64444167	887318	chr20	tig00000074
36343334	36348451	517890	522891	64444167	887318	chr20	tig00000074
36348669	36364004	522979	538051	64444167	887318	chr20	tig00000074
36371930	36393819	545713	567181	64444167	887318	chr20	tig00000074
36396322	36434921	570937	608809	64444167	887318	chr20	tig00000074
36436051	36448698	609824	622255	64444167	887318	chr20	tig00000074
36449353	36481785	622341	654009	64444167	887318	chr20	tig00000074
36482052	36495014	654020	666733	64444167	887318	chr20	tig00000074
36495252	36508978	666734	680144	64444167	887318	chr20	tig00000074
36508978	36544857	680543	715492	64444167	887318	chr20	tig00000074
36552813	36564853	722417	734153	64444167	887318	chr20	tig00000074
36566764	36599519	735904	767773	64444167	887318	chr20	tig00000074
36602495	36642190	770547	809466	64444167	887318	chr20	tig00000074
36642128	36658923	809866	826339	64444167	887318	chr20	tig00000074
36659096	36690667	826341	857142	64444167	887318	chr20	tig00000074
36691321	36695435	857387	861429	64444167	887318	chr20	tig00000074
36711017	36721993	876574	887318	64444167	887318	chr20	tig00000074
49202580	49510637	1141747	839433	64444167	1141747	chr20	tig00000078
49517677	49881318	832786	475574	64444167	1141747	chr20	tig00000078
49885484	49922493	471687	435841	64444167	1141747	chr20	tig00000078
49922498	49987254	435657	372392	64444167	1141747	chr20	tig00000078
49989229	50137968	370469	225014	64444167	1141747	chr20	tig00000078
50138689	50172562	224393	191339	64444167	1141747	chr20	tig00000078
50175520	50258521	188601	107231	64444167	1141747	chr20	tig00000078
50258521	50356324	107055	11572	64444167	1141747	chr20	tig00000078
56658518	56711163	1026445	974876	64444167	1026445	chr20	tig00000081
56711163	56937404	974644	752724	64444167	1026445	chr20	tig00000081
56937600	57032050	752720	659881	64444167	1026445	chr20	tig00000081
57032182	57197853	659876	497398	64444167	1026445	chr20	tig00000081
57198184	57356476	497278	341448	64444167	1026445	chr20	tig00000081
57357662	57504264	340618	197675	64444167	1026445	chr20	tig00000081
57505299	57554972	197902	149171	64444167	1026445	chr20	tig00000081
57561368	57707447	142895	1	64444167	1026445	chr20	tig00000081
34655136	34674194	877445	859070	64444167	877445	chr20	tig00000086
34674702	34889410	858602	647246	64444167	877445	chr20	tig00000086
34889543	34987003	647246	551637	64444167	877445	chr20	tig00000086
34987708	35033863	550957	506046	64444167	877445	chr20	tig00000086
35041059	35097475	499211	443653	64444167	877445	chr20	tig00000086
35097646	35149144	443354	392770	64444167	877445	chr20	tig00000086
35154330	35387474	387134	158135	64444167	877445	chr20	tig00000086
35387877	35549117	158091	1	64444167	877445	chr20	tig00000086
5025326	5040056	1	14208	64444167	716744	chr20	tig00000090
5054424	5059812	28586	33863	64444167	716744	chr20	tig00000090
5077574	5172516	50760	144063	64444167	716744	chr20	tig00000090
5172625	5213168	144070	183982	64444167	716744	chr20	tig00000090
5213777	5232047	184207	202262	64444167	716744	chr20	tig00000090
5232567	5250729	202446	220456	64444167	716744	chr20	tig00000090
5251101	5280756	220591	249867	64444167	716744	chr20	tig00000090
5281106	5287777	250054	256649	64444167	716744	chr20	tig00000090
5287764	5292150	258094	262423	64444167	716744	chr20	tig00000090
5292433	5309248	262512	279000	64444167	716744	chr20	tig00000090
5309515	5366969	279031	335821	64444167	716744	chr20	tig00000090
5367163	5427087	335894	395010	64444167	716744	chr20	tig00000090
5427512	5453307	395161	420501	64444167	716744	chr20	tig00000090
5453638	5462919	420621	429795	64444167	716744	chr20	tig00000090
5463558	5529803	429875	495174	64444167	716744	chr20	tig00000090
5529976	5594253	495222	558692	64444167	716744	chr20	tig00000090
5594590	5638192	558706	601815	64444167	716744	chr20	tig00000090
5644314	5659449	607837	622624	64444167	716744	chr20	tig00000090
5659539	5671518	622624	634385	64444167	716744	chr20	tig00000090
5671668	5680322	634527	642952	64444167	716744	chr20	tig00000090
5681126	5699602	643251	661416	64444167	716744	chr20	tig00000090
5703987	5715865	665567	677213	64444167	716744	chr20	tig00000090
5715957	5742313	677213	703182	64444167	716744	chr20	tig00000090
5744759	5753259	708398	716744	64444167	716744	chr20	tig00000090
48511829	48627947	670797	557068	64444167	670797	chr20	tig00000094
48628301	48776066	556738	412721	64444167	670797	chr20	tig00000094
48778083	48800366	410971	389354	64444167	670797	chr20	tig00000094
48803046	48871573	386885	319605	64444167	670797	chr20	tig00000094
48871283	48959617	320490	233923	64444167	670797	chr20	tig00000094
48961084	48972320	232183	221137	64444167	670797	chr20	tig00000094
48973309	49112705	220164	83174	64444167	670797	chr20	tig00000094
49117510	49198135	78943	1	64444167	670797	chr20	tig00000094
32894097	32924785	518016	487897	64444167	523639	chr20	tig00000099
32924785	32934321	485808	476504	64444167	523639	chr20	tig00000099
32936098	32969009	476504	444277	64444167	523639	chr20	tig00000099
32973620	33065347	439864	349810	64444167	523639	chr20	tig00000099
33065742	33086819	349810	329176	64444167	523639	chr20	tig00000099
33087581	33147456	328693	269790	64444167	523639	chr20	tig00000099
33147366	33195534	269434	221980	64444167	523639	chr20	tig00000099
33195741	33219469	221881	198424	64444167	523639	chr20	tig00000099
33219574	33247958	198387	170280	64444167	523639	chr20	tig00000099
33248145	33290944	170274	128162	64444167	523639	chr20	tig00000099
33291123	33307147	128115	112373	64444167	523639	chr20	tig00000099
33307487	33349715	112227	70923	64444167	523639	chr20	tig00000099
33350070	33371105	70923	50499	64444167	523639	chr20	tig00000099
33384111	33402018	38386	20775	64444167	523639	chr20	tig00000099
47834661	47894726	7551	66546	64444167	678059	chr20	tig00000102
47894726	48011220	70161	184329	64444167	678059	chr20	tig00000102
48011220	48125336	184451	296795	64444167	678059	chr20	tig00000102
48125362	48391181	297079	558424	64444167	678059	chr20	tig00000102
48391181	48425171	558526	591947	64444167	678059	chr20	tig00000102
48425274	48450431	591947	616742	64444167	678059	chr20	tig00000102
48450431	48513016	617188	678059	64444167	678059	chr20	tig00000102
31767733	32176229	480871	79919	64444167	480874	chr20	tig00000103
32176647	32258246	79902	1	64444167	480874	chr20	tig00000103
32272456	32311436	439479	401210	64444167	439479	chr20	tig00000111
32311741	32323212	401210	389900	64444167	439479	chr20	tig00000111
32322621	32563302	388969	153353	64444167	439479	chr20	tig00000111
32562881	32578153	153164	138247	64444167	439479	chr20	tig00000111
32583507	32710448	133132	9030	64444167	439479	chr20	tig00000111
50374264	50399565	1	24592	64444167	391671	chr20	tig00000113
50399769	50409221	24662	33906	64444167	391671	chr20	tig00000113
50409872	50434337	34104	57954	64444167	391671	chr20	tig00000113
50434540	50444689	58007	67989	64444167	391671	chr20	tig00000113
50453393	50463706	75893	85973	64444167	391671	chr20	tig00000113
50463793	50532670	86090	153847	64444167	391671	chr20	tig00000113
50534989	50574177	155508	194079	64444167	391671	chr20	tig00000113
50587517	50603190	206788	221969	64444167	391671	chr20	tig00000113
50611973	50653067	230210	270161	64444167	391671	chr20	tig00000113
50653224	50663914	270192	280632	64444167	391671	chr20	tig00000113
50666184	50684812	283069	301264	64444167	391671	chr20	tig00000113
50695298	50706332	311559	322352	64444167	391671	chr20	tig00000113
50706498	50728563	322402	344137	64444167	391671	chr20	tig00000113
50735729	50752667	351113	367752	64444167	391671	chr20	tig00000113
50753415	50763255	368359	378039	64444167	391671	chr20	tig00000113
50767744	50777585	382053	391671	64444167	391671	chr20	tig00000113
47477998	47511657	1495	34636	64444167	363747	chr20	tig00000115
47525859	47538303	48029	60247	64444167	363747	chr20	tig00000115
47544481	47554551	65960	75759	64444167	363747	chr20	tig00000115
47554540	47564007	78100	87461	64444167	363747	chr20	tig00000115
47564238	47586268	87613	109366	64444167	363747	chr20	tig00000115
47586996	47609372	109415	131407	64444167	363747	chr20	tig00000115
47609490	47646992	131570	168499	64444167	363747	chr20	tig00000115
47660167	47664895	181698	186272	64444167	363747	chr20	tig00000115
47670708	47674788	192230	196217	64444167	363747	chr20	tig00000115
47675114	47715154	196364	235521	64444167	363747	chr20	tig00000115
47715510	47739292	235572	258873	64444167	363747	chr20	tig00000115
47745441	47760042	264383	278683	64444167	363747	chr20	tig00000115
47765249	47833357	283241	349708	64444167	363747	chr20	tig00000115
31238877	31583381	367588	28338	64444167	367588	chr20	tig00000120
31586615	31612743	25271	1	64444167	367588	chr20	tig00000120
35564885	35593954	237474	208957	64444167	237474	chr20	tig00000123
35594178	35610557	208738	192722	64444167	237474	chr20	tig00000123
35610704	35806693	192722	1	64444167	237474	chr20	tig00000123
63709285	63731659	228413	206628	64444167	247640	chr20	tig00000126
63736001	63747581	202572	191330	64444167	247640	chr20	tig00000126
63751677	63771001	187280	168540	64444167	247640	chr20	tig00000126
63778153	63827041	161836	114308	64444167	247640	chr20	tig00000126
63831146	63847338	110321	94667	64444167	247640	chr20	tig00000126
63849950	63880561	92156	62568	64444167	247640	chr20	tig00000126
63886256	63913094	57098	31031	64444167	247640	chr20	tig00000126
63919727	63936666	24199	7763	64444167	247640	chr20	tig00000126
30482925	30503645	272977	253240	64444167	276185	chr20	tig00000129
30509887	30521859	247397	235719	64444167	276185	chr20	tig00000129
30522501	30541008	235335	217036	64444167	276185	chr20	tig00000129
30541193	30621682	217033	137344	64444167	276185	chr20	tig00000129
30623290	30639411	136239	120410	64444167	276185	chr20	tig00000129
30642862	30660243	117306	100152	64444167	276185	chr20	tig00000129
30664486	30705044	96447	56150	64444167	276185	chr20	tig00000129
30707015	30761898	54121	351	64444167	276185	chr20	tig00000129
63498707	63534918	138829	103578	64444167	183306	chr20	tig00000131
63553516	63559593	85913	80037	64444167	183306	chr20	tig00000131
63577574	63585404	62319	54768	64444167	183306	chr20	tig00000131
63595974	63610013	44860	31248	64444167	183306	chr20	tig00000131
63610501	63617790	30067	23015	64444167	183306	chr20	tig00000131
63619433	63636355	21355	4918	64444167	183306	chr20	tig00000131
23672099	23693325	67177	46495	64444167	68627	chr20	tig00000136
23745193	23794275	56218	7982	64444167	68627	chr20	tig00000136
23798836	23802461	3525	1	64444167	68627	chr20	tig00000136
36722133	36822751	207906	109689	64444167	207906	chr20	tig00000137
36826377	36929914	106245	4913	64444167	207906	chr20	tig00000137
36956239	36969489	9873	22873	64444167	162186	chr20	tig00000141
36969705	36977617	22876	30568	64444167	162186	chr20	tig00000141
36989219	37046915	41716	98257	64444167	162186	chr20	tig00000141
37048550	37055599	99999	106952	64444167	162186	chr20	tig00000141
37055694	37062222	106958	113347	64444167	162186	chr20	tig00000141
37062480	37081205	113391	131749	64444167	162186	chr20	tig00000141
37089469	37112713	139564	162186	64444167	162186	chr20	tig00000141
31624056	31636133	1	11866	64444167	134548	chr20	tig00000145
31636224	31650955	11866	26242	64444167	134548	chr20	tig00000145
31656838	31689291	31749	63510	64444167	134548	chr20	tig00000145
31695604	31729281	69806	102902	64444167	134548	chr20	tig00000145
31729858	31743249	103239	116379	64444167	134548	chr20	tig00000145
31748705	31762236	121326	134548	64444167	134548	chr20	tig00000145
30877009	30894792	54572	37268	64444167	54572	chr20	tig00000151
30894917	30899633	37253	32665	64444167	54572	chr20	tig00000151
32740881	32748882	15656	23487	64444167	137255	chr20	tig00000154
32763275	32798555	36838	71479	64444167	137255	chr20	tig00000154
32799106	32807415	71543	79682	64444167	137255	chr20	tig00000154
32812381	32841232	84559	112882	64444167	137255	chr20	tig00000154
32841473	32854318	112932	125481	64444167	137255	chr20	tig00000154
29459130	29487598	28021	1	64444167	65462	chr20	tig00000157
63158310	63167577	261203	252197	64444167	264591	chr20	tig00000159
63167577	63235401	251271	185098	64444167	264591	chr20	tig00000159
63235402	63266930	184622	153977	64444167	264591	chr20	tig00000159
63269169	63294194	151829	127634	64444167	264591	chr20	tig00000159
63294198	63351265	127438	72054	64444167	264591	chr20	tig00000159
63361612	63372476	60767	50184	64444167	264591	chr20	tig00000159
63372661	63405050	50184	18496	64444167	264591	chr20	tig00000159
63409756	63421330	13997	2864	64444167	264591	chr20	tig00000159
64096709	64127944	184621	154371	64444167	187423	chr20	tig00000161
64131835	64162917	149497	119301	64444167	187423	chr20	tig00000161
64170915	64193184	111542	89952	64444167	187423	chr20	tig00000161
64208037	64227113	75684	57088	64444167	187423	chr20	tig00000161
64270925	64277738	14571	7918	64444167	187423	chr20	tig00000161
64277978	64285948	7828	1	64444167	187423	chr20	tig00000161
23722443	23739507	42796	26198	64444167	42796	chr20	tig00000163
23745215	23765581	20876	1140	64444167	42796	chr20	tig00000163
28614863	28635456	13922	34200	64444167	78078	chr20	tig00000164
28646302	28648008	36209	34517	64444167	78078	chr20	tig00000164
29387582	29401550	4961	18745	64444167	92187	chr20	tig00000168
29413578	29451701	29239	66590	64444167	92187	chr20	tig00000168
29452179	29475620	69239	92186	64444167	92187	chr20	tig00000168
30939466	30961423	3203	24399	64444167	25738	chr20	tig00000169
63949018	63970845	1	20780	64444167	144751	chr20	tig00000173
63970845	63992754	20944	42233	64444167	144751	chr20	tig00000173
64011753	64056530	60547	103938	64444167	144751	chr20	tig00000173
64057467	64066575	104052	112818	64444167	144751	chr20	tig00000173
64066857	64083659	113218	129449	64444167	144751	chr20	tig00000173
64088566	64091045	134970	137421	64444167	144751	chr20	tig00000173
51877165	51940098	61926	1	64444167	61926	chr20	tig00000189
28898546	28906619	22487	30290	64444167	40272	chr20	tig00000198
28820664	28830473	2133	11498	64444167	36332	chr20	tig00000204
63644427	63669308	32039	7916	64444167	34377	chr20	tig00000213
31614672	31623777	8990	1	64444167	10046	chr20	tig00000230
37116097	37145982	7	28952	64444167	8414576	chr20	tig00000427
37149814	37187220	32744	69277	64444167	8414576	chr20	tig00000427
37187532	37252059	69277	132707	64444167	8414576	chr20	tig00000427
37254049	37297905	134611	177665	64444167	8414576	chr20	tig00000427
37298738	37411475	177979	287343	64444167	8414576	chr20	tig00000427
37413233	37783681	288997	651797	64444167	8414576	chr20	tig00000427
37783861	37914505	651888	779802	64444167	8414576	chr20	tig00000427
37914510	38033648	780006	896774	64444167	8414576	chr20	tig00000427
38035113	38072514	898172	934913	64444167	8414576	chr20	tig00000427
38072678	38124589	934965	985944	64444167	8414576	chr20	tig00000427
38124596	38194636	986597	1055205	64444167	8414576	chr20	tig00000427
38194564	38321314	1056080	1180296	64444167	8414576	chr20	tig00000427
38321314	38356453	1180405	1214659	64444167	8414576	chr20	tig00000427
38356143	38461549	1215438	1318488	64444167	8414576	chr20	tig00000427
38463206	38472628	1321999	1331303	64444167	8414576	chr20	tig00000427
38472798	38653370	1331384	1509164	64444167	8414576	chr20	tig00000427
38653370	39089369	1509636	1938154	64444167	8414576	chr20	tig00000427
39089390	39130315	1938377	1978604	64444167	8414576	chr20	tig00000427
39130564	39570643	1978728	2413866	64444167	8414576	chr20	tig00000427
39570803	39577967	2413866	2420944	64444167	8414576	chr20	tig00000427
39578167	39599346	2420980	2441876	64444167	8414576	chr20	tig00000427
39600202	40105760	2442197	2942922	64444167	8414576	chr20	tig00000427
40106071	40158086	2943140	2994353	64444167	8414576	chr20	tig00000427
40165757	40229140	3001445	3063904	64444167	8414576	chr20	tig00000427
40229685	40656097	3064122	3485310	64444167	8414576	chr20	tig00000427
40656578	40741057	3485520	3568708	64444167	8414576	chr20	tig00000427
40741331	41196602	3568827	4017577	64444167	8414576	chr20	tig00000427
41196602	41913863	4017665	4724290	64444167	8414576	chr20	tig00000427
41914141	42154357	4724338	4961692	64444167	8414576	chr20	tig00000427
42156709	42363346	4963610	5167818	64444167	8414576	chr20	tig00000427
42363780	42507405	5168074	5310107	64444167	8414576	chr20	tig00000427
42507669	42634055	5310233	5435112	64444167	8414576	chr20	tig00000427
42634163	42883771	5435112	5682081	64444167	8414576	chr20	tig00000427
42883697	43068182	5682355	5864606	64444167	8414576	chr20	tig00000427
43068183	43095909	5865255	5892508	64444167	8414576	chr20	tig00000427
43095909	43162626	5893194	5959009	64444167	8414576	chr20	tig00000427
43162811	43395972	5959009	6188439	64444167	8414576	chr20	tig00000427
43397153	43443277	6188422	6233693	64444167	8414576	chr20	tig00000427
43448437	43611827	6238597	6398838	64444167	8414576	chr20	tig00000427
43620037	43643495	6406917	6429899	64444167	8414576	chr20	tig00000427
43650099	43697013	6436117	6482078	64444167	8414576	chr20	tig00000427
43697018	43705989	6482581	6491249	64444167	8414576	chr20	tig00000427
43708045	43852761	6493208	6635380	64444167	8414576	chr20	tig00000427
43868797	44025528	6650856	6804934	64444167	8414576	chr20	tig00000427
44025528	44047488	6806661	6828249	64444167	8414576	chr20	tig00000427
44047887	44133066	6828249	6911836	64444167	8414576	chr20	tig00000427
44133822	44405135	6912997	7179894	64444167	8414576	chr20	tig00000427
44405158	44438526	7180525	7213262	64444167	8414576	chr20	tig00000427
44437759	44466504	7212623	7240919	64444167	8414576	chr20	tig00000427
44466634	44643639	7240950	7414945	64444167	8414576	chr20	tig00000427
44643790	44676446	7415030	7447009	64444167	8414576	chr20	tig00000427
44681825	44764255	7452325	7533030	64444167	8414576	chr20	tig00000427
44764259	45016580	7533168	7782013	64444167	8414576	chr20	tig00000427
45016830	45171476	7782072	7934924	64444167	8414576	chr20	tig00000427
45171677	45211511	7935003	7974371	64444167	8414576	chr20	tig00000427
45211815	45238537	7974409	8000707	64444167	8414576	chr20	tig00000427
45238537	45241399	8000795	8003638	64444167	8414576	chr20	tig00000427
45241553	45304342	8003638	8065737	64444167	8414576	chr20	tig00000427
45304486	45600695	8065822	8357348	64444167	8414576	chr20	tig00000427
45600696	45645828	8357479	8402136	64444167	8414576	chr20	tig00000427
45645828	45658335	8402352	8414576	64444167	8414576	chr20	tig00000427
17826511	17982517	4164877	4011757	64444167	4164877	chr20	tig00000429
17982628	18047532	4011750	3948342	64444167	4164877	chr20	tig00000429
18047875	18112240	3948342	3885308	64444167	4164877	chr20	tig00000429
18112051	18210660	3885619	3788717	64444167	4164877	chr20	tig00000429
18209117	18261072	3789954	3738778	64444167	4164877	chr20	tig00000429
18261083	18597641	3738582	3406954	64444167	4164877	chr20	tig00000429
18599204	18675885	3405581	3330020	64444167	4164877	chr20	tig00000429
18675887	18689923	3329690	3315830	64444167	4164877	chr20	tig00000429
18689923	18695625	3315653	3310050	64444167	4164877	chr20	tig00000429
18695626	18776728	3309909	3230252	64444167	4164877	chr20	tig00000429
18776954	18949661	3230252	3059725	64444167	4164877	chr20	tig00000429
18949916	19048128	3059645	2962835	64444167	4164877	chr20	tig00000429
19048323	19189432	2962735	2823524	64444167	4164877	chr20	tig00000429
19189748	19382210	2823524	2633152	64444167	4164877	chr20	tig00000429
19382816	19396731	2633001	2619260	64444167	4164877	chr20	tig00000429
19397652	19438497	2618977	2578578	64444167	4164877	chr20	tig00000429
19439229	19663496	2578247	2356828	64444167	4164877	chr20	tig00000429
19663397	20115309	2356451	1910845	64444167	4164877	chr20	tig00000429
20115293	20179818	1910545	1846574	64444167	4164877	chr20	tig00000429
20180677	20254076	1846022	1773740	64444167	4164877	chr20	tig00000429
20254215	20296530	1773740	1731952	64444167	4164877	chr20	tig00000429
20296530	20320543	1731761	1708138	64444167	4164877	chr20	tig00000429
20320325	20337675	1707399	1690260	64444167	4164877	chr20	tig00000429
20337231	20358290	1689272	1668498	64444167	4164877	chr20	tig00000429
20354625	20458868	1670935	1568640	64444167	4164877	chr20	tig00000429
20458868	20543552	1568480	1484891	64444167	4164877	chr20	tig00000429
20543787	20689376	1484833	1340935	64444167	4164877	chr20	tig00000429
20689736	20828169	1340810	1204390	64444167	4164877	chr20	tig00000429
20828169	21120351	1203694	915469	64444167	4164877	chr20	tig00000429
21120501	21121721	915469	914259	64444167	4164877	chr20	tig00000429
21121719	21387717	912831	650638	64444167	4164877	chr20	tig00000429
21389587	21721706	648845	321260	64444167	4164877	chr20	tig00000429
21721213	21869265	321258	174811	64444167	4164877	chr20	tig00000429
21869552	22046541	174811	3	64444167	4164877	chr20	tig00000429
23815570	23942647	6	125140	64444167	2154935	chr20	tig00000432
23942647	23988497	125299	170568	64444167	2154935	chr20	tig00000432
23988497	24408139	171908	586384	64444167	2154935	chr20	tig00000432
24408967	24432305	586384	609425	64444167	2154935	chr20	tig00000432
24431312	24530041	608807	706066	64444167	2154935	chr20	tig00000432
24530026	24661582	706869	836317	64444167	2154935	chr20	tig00000432
24661582	24836278	836511	1008433	64444167	2154935	chr20	tig00000432
24836213	24923062	1009248	1094813	64444167	2154935	chr20	tig00000432
24923780	24957093	1094813	1127560	64444167	2154935	chr20	tig00000432
24957093	25067551	1127707	1236026	64444167	2154935	chr20	tig00000432
25067090	25179105	1235976	1346024	64444167	2154935	chr20	tig00000432
25180129	25218120	1346473	1383406	64444167	2154935	chr20	tig00000432
25218985	25248028	1384633	1413066	64444167	2154935	chr20	tig00000432
25260407	25290955	1425226	1455062	64444167	2154935	chr20	tig00000432
25294578	25458435	1458548	1618799	64444167	2154935	chr20	tig00000432
25460171	25601610	1620430	1759091	64444167	2154935	chr20	tig00000432
25602781	25779054	1760686	1934302	64444167	2154935	chr20	tig00000432
25961565	25970797	2047234	2038149	64444167	2154935	chr20	tig00000432
25976475	26062282	2032707	1948280	64444167	2154935	chr20	tig00000432
30182038	30195274	2121282	2108180	64444167	2154935	chr20	tig00000432
29744337	29761668	93106	76346	64444167	93624	chr20	tig00000434
29732486	29759444	64666	38913	64444167	82016	chr20	tig00000435
30294511	30333786	163923	125442	64444167	201929	chr20	tig00000438
30334828	30353241	124460	106350	64444167	201929	chr20	tig00000438
30152902	30159723	9056	15672	64444167	32720	chr20	tig00000441
30160140	30176326	15806	31396	64444167	32720	chr20	tig00000441
29006367	29058432	2190	53069	64444167	86412	chr20	tig00000449
30973081	30997650	24096	1	64444167	30432	chr20	tig00000450
